0 0.29544819293292623 0.04562866962966844 0.005865808560858157 0.01987530995539326
0 0.48947976045991703 0.04547625709957165 0.005798431030091508 0.01922689558805419
1 0.6395489382359854 0.2229214651422432 0.022410395179130124 0.03345359101783039
1 0.666328332475267 0.2231042716505373 0.022718795112787956 0.03345359101783043
2 0.5334239807299782 0.36737983458365797 0.01909814492519002 0.03733293216307103
2 0.33923777782666037 0.3676494715056272 0.019497376928973107 0.037870549500669155
4 0.40476759173173454 0.44805299910473956 0.013082655515111863 0.05572233441515334
4 0.4628768699731987 0.44794820720421413 0.01635454193639605 0.05600526663193667
3 0.44136655649236917 0.5701463075758157 0.02018617747578028 0.05766714398006531
3 0.4854303651952878 0.569232275034345 0.020840359153236197 0.05617145436674946
