1 0.17345271194715198 0.21848317641011097 0.022603659137555687 0.035360158208386554
1 0.1998031732787047 0.21750094979321133 0.022235121216834675 0.033395704974587284
0 0.33493886149554064 0.057225395698588505 0.005939250069393776 0.019902309626617074
0 0.4832736504867745 0.057316406385884464 0.005788163883417943 0.019652373645259565
0 0.6309169194389156 0.05735711557437986 0.0060670895168915785 0.0194735439185532
2 0.3093256335685082 0.3609337323790616 0.019122532983846148 0.04334723036677196
2 0.45784358096109673 0.3606989847124379 0.019370977512902697 0.044277683706970335
2 0.6054534055363705 0.36042687580704114 0.01924511510797508 0.0436813512664724
4 0.3513195024862871 0.4428408884094661 0.01742667716144123 0.0553874556407919
4 0.4992502204102269 0.4426844228515797 0.017351647657287986 0.055429100344281404
3 0.47432449641715996 0.5802529937152355 0.023377588771069827 0.0653071563947485
3 0.5232367375770955 0.5791457564380031 0.02367576945238048 0.06270375978591555
