0 0.1860397162350015 0.2336724709236709 0.005746724363778614 0.017518713302845493
2 0.2310360720155532 0.2170906123849645 0.01894578104839647 0.03202890889120734
0 0.18612938489275044 0.32931384279569315 0.005042625164070739 0.01759381114404383
2 0.2314257688475926 0.34052171571029693 0.019800282606262504 0.0315894041379832
0 0.34683570924721663 0.23384211722578477 0.005345598850067766 0.017549424796238892
0 0.3467329092693307 0.3294499210636279 0.0053455988500677185 0.017915037812827203
2 0.3918101099677053 0.34059077770252366 0.019625450323675284 0.031575669614444954
2 0.39175330645364753 0.21713157317977466 0.019154315939675187 0.031177368431835634
1 0.4176614275275415 0.07260057094203277 0.02039007825836391 0.0284029946771084
1 0.4179258559162056 0.4919267579730869 0.020467313403282006 0.021425856719675535
0 0.4891957842337167 0.23325550192589284 0.005201678881027559 0.018500018639368503
0 0.4891370448403526 0.32975635687102384 0.004862438954003886 0.017896757161997793
2 0.5344944526409148 0.3402892500397753 0.01915817769692112 0.031077106410006355
2 0.5343015863797984 0.21703681539923422 0.01895771738897478 0.0313396855281968
0 0.6275443579527489 0.33013199808027627 0.004584204694609767 0.017129458357250927
2 0.6734123910463771 0.21748162009424724 0.017039103755569083 0.031144469740456166
2 0.6726658840033991 0.3412078278036119 0.019308786229511325 0.031963982052662904
