1 0.3157214137190195 0.08669005967901379 0.02415799480319075 0.0338192040344187
0 0.21954453538894156 0.2816456689809095 0.005850747701039729 0.02012621812362449
0 0.21959673704510901 0.3927943611722867 0.006172059255113213 0.020075049772462755
2 0.27220602954817785 0.40631940407525313 0.022513195157016067 0.03765814070859592
2 0.2719348730430865 0.26290001811787617 0.022429086084200297 0.03686346117667262
0 0.42111220182575093 0.39262827451866633 0.005610962959193857 0.02012621812362449
0 0.4212324978766848 0.28124077639497524 0.0061170234775092085 0.02024468769538577
2 0.49501103654763345 0.4063052772334716 0.02224372173639706 0.037220558788667236
2 0.49533623515208036 0.26286505038235025 0.02270713260590531 0.037495249259432206
0 0.6457269083429857 0.3929123581426516 0.0060950106888561255 0.020792412253377145
0 0.6458512963162276 0.2819826268121339 0.006592562581823933 0.021455999878485
2 0.6980942450778512 0.26284918362152615 0.023011775049762775 0.037603298756107725
2 0.6981441030671262 0.4061786264495585 0.02179359531181465 0.03802375372518432
1 0.3228069141037862 0.5959055162716321 0.02380785807851136 0.028224593654584344
