1 0.1793634414394409 0.22168290110661343 0.027649781702138367 0.03883459305427253
1 0.2059028905553851 0.22227224105040552 0.027394652106928888 0.03732461144218578
2 0.33353235849353785 0.3633049623542551 0.04199467917056413 0.03984991533627335
2 0.5868502965595674 0.3648434720968218 0.0429595918787789 0.042190520165227625
2 0.676251556611987 0.3646943889866973 0.04220444280278471 0.042190520165227625
0 0.3481830551817102 0.05722487322344496 0.006440556535199839 0.022794807538032882
0 0.6020046965436284 0.05744212691161777 0.006312634375814723 0.023613124729506062
0 0.6907629046413529 0.05841839465107832 0.006483603177727583 0.021549285917992926
4 0.4186408561166182 0.44927481061537217 0.01800153352874965 0.05773582264820746
4 0.47706956240061077 0.44832609991458017 0.01830664426652511 0.0571937022477548
3 0.48314848417775846 0.591482053047266 0.023996959526036622 0.06789244835068789
3 0.5326652871997533 0.5901701216781705 0.024273847520567892 0.06461261992794955
