0 0.1583350533231561 0.2866646565439781 0.005648457864917436 0.01954412695048725
2 0.20664423243100274 0.2694975180063879 0.020810107923380096 0.03433427707518026
0 0.3302244378836384 0.2864297385944532 0.006019452705109975 0.019644532337992526
1 0.37857337349270087 0.26967619939598775 0.020892457769171827 0.034310666177124555
1 0.41352296320070425 0.5748416413471119 0.022187561234827426 0.028732381223990546
0 0.4826964320298402 0.2867147253259492 0.006030620520889273 0.01944610271841685
0 0.48286394926653137 0.38969969788572817 0.0056955860475065775 0.02023982119671958
1 0.44521243149319545 0.10807912164201218 0.021139270037497288 0.029349274587966837
2 0.5311026978280334 0.26910757877437647 0.020747530168728375 0.03334040462783813
0 0.6300131404791453 0.2867157856650039 0.0056216653435121056 0.01833722254531096
0 0.6301051673893027 0.38958109166648003 0.006553015870571572 0.019514979115294366
2 0.6784130764581527 0.40136347406137224 0.020747530168728476 0.0334759347279513
2 0.6784512153003748 0.26901833130086855 0.02097636322206004 0.03306934442761176
