0 0.2752572182984128 0.18274360017291147 0.007035723941037592 0.02599428016441436
0 0.38419926122670134 0.1826443853631237 0.007594114730008833 0.02539899130568731
0 0.4934763386283724 0.18284281498269933 0.007259080256626137 0.02619270978399004
0 0.6030884505034265 0.18254517055333583 0.007147402098831943 0.025200561686111626
0 0.7137056657986287 0.18234674093376013 0.00703572394103755 0.026391139403565723
2 0.21861519762291748 0.5980909802894854 0.025480201013126133 0.05493712608087053
2 0.3274398570178835 0.598423936388877 0.025740960262667686 0.05570316280728546
2 0.43682893478306356 0.5983038864690267 0.025625553694105435 0.05498286328822566
2 0.5466233392676636 0.5984239363888713 0.025780538254154228 0.056183362486658464
2 0.6568219250360277 0.5983038864690329 0.02473516432157048 0.05546306296759877
1 0.8291488632861378 0.41429902022177667 0.02850821460976308 0.04512361113303468
1 0.8635529094306439 0.4142176609864056 0.02865249461660714 0.04528632960377557
